0 0
1.9027616 1.8910922
2.1326246 1.88652
2.113939 2.1175528
2.181647 2.2088666
2.2556953 2.1496406
2.199583 2.1569517
2.1276307 2.0250113
2.3284478 2.1079717
2.2702363 2.3470986
2.286357 2.1202917
2.466576 2.3190732
2.3864672 2.3603034
2.5994678 2.524786
2.6210055 2.7010672
2.8700929 2.7954495
2.9673579 2.9673579
2.9250717 2.9250717
2.7367938 2.7367938
3.002818 3.002818
3.0230014 3.0230014
3.2383604 3.2383604
3.187944 3.187944
3.4072347 3.4072347
3.3461123 3.3461123
3.5188966 3.5188966
3.7546148 3.7546148
3.8927882 3.8927882
4.365079 4.365079
4.007688 4.007688
4.2549844 4.2549844
3.862341 3.862341
4.018539 4.018539
4.3450904 4.3450904
4.104765 4.104765
3.833062 3.833062
4.328618 4.328618
3.973661 3.973661
3.6821225 3.6821225
3.070143 3.070143
3.236657 3.236657
2.8706102 2.8706102
2.9187415 2.9187415
2.8799562 2.8799562
2.386833 2.386833
2.43991 2.43991
2.1399589 2.1399589
1.9126046 1.9126046
1.85424 1.85424
2.0788915 2.0788915
1.8551505 1.8551505
2.1484756 2.1484756
2.17683 2.17683
2.2588823 2.2588823
2.2850134 2.2850134
2.2265332 2.2265332
2.179907 2.179907
2.2974637 2.2974637
2.136248 2.136248
2.4934247 2.4934247
2.3993154 2.3993154
2.649347 2.649347
2.566376 2.566376
2.7685113 2.7685113
2.984606 2.984606
2.7331321 2.7331321
2.6802974 2.6802974
3.1920128 3.1920128
3.0992885 3.0992885
2.945164 2.945164
3.3613532 3.3613532
3.0351985 3.0351985
2.996703 2.996703
3.4524364 3.4524364
3.6360703 3.6360703
4.26438 4.26438
4.392714 4.392714
4.202005 4.202005
4.2222304 4.2222304
3.9788804 3.9788804
3.888911 3.888911
4.437104 4.437104
3.950126 3.950126
4.261578 4.261578
4.321687 4.321687
3.8055048 3.8055048
3.6561024 3.6561024
3.221548 3.221548
2.9722357 2.9722357
2.9243588 2.9243588
2.7676625 2.7676625
2.6805234 2.6805234
2.553602 2.553602
2.4655259 2.4655259
1.9899334 1.9899334
1.9361862 1.9361862
1.7281096 1.7281096
2.0625277 2.0625277
1.8442721 1.8442721
2.0836735 2.0836735
2.177072 2.177072
2.2483418 2.2483418
2.0557878 2.0557878
2.2854357 2.2854357
2.376768 2.376768
2.2021787 2.2021787
2.2824519 2.2824519
2.374884 2.374884
2.4804893 2.4804893
2.565482 2.565482
2.7581503 2.7581503
2.6909943 2.6909943
3.0532393 3.0532393
2.8646011 2.8646011
2.7976227 2.7976227
3.094618 3.094618
2.955641 2.955641
3.0229821 3.0229821
3.0944583 3.0944583
3.2045789 3.2045789
3.288458 3.288458
3.6764503 3.6764503
3.9125783 3.9125783
4.2771487 4.2771487
3.8632047 3.8632047
4.072914 4.072914
4.111946 4.111946
4.3837366 4.3837366
4.482856 4.482856
4.359585 4.359585
4.4999714 4.4999714
4.199436 4.199436
4.294633 4.294633
3.7416043 3.7416043
3.6607904 3.6607904
3.3797023 3.3797023
3.0880876 3.0880876
3.0903237 3.0903237
2.765324 2.765324
2.511703 2.511703
2.4478328 2.4478328
2.3555098 2.3555098
2.131383 2.131383
2.0437908 2.0437908
1.7916427 1.7916427
1.9912981 1.9912981
2.063104 2.063104
2.19248 2.19248
2.0719664 2.0719664
2.2904372 2.2904372
2.0986075 2.0986075
2.025977 2.025977
2.2216685 2.2216685
2.4429462 2.4429462
2.3965406 2.3965406
2.3642528 2.3642528
2.3226821 2.3226821
2.493924 2.493924
2.756258 2.756258
2.650992 2.650992
2.6355033 2.6355033
2.8487034 2.8487034
3.023629 3.023629
3.1330686 3.1330686
2.8475535 2.8475535
3.0764775 3.0764775
3.1632466 3.1632466
3.2368019 3.2368019
