1.4318721 1.4318721
1.3929573 1.3929573
1.6898955 1.6898955
1.5704972 1.5704972
1.4052685 1.4052685
1.4104868 1.4104868
1.4852471 1.4852471
1.2710457 1.2710457
1.3933759 1.3933759
1.1231688 1.1231688
1.2501132 1.2501132
1.1642016 1.1642016
1.0970932 1.0970932
1.0455457 1.0455457
1.0911891 1.0911891
1.0658296 1.0658296
1.0033554 1.0033554
1.1981018 1.1981018
1.1790855 1.1790855
1.0231752 1.0231752
0.9307089 0.9307089
0.93120325 0.93120325
0.8240181 0.8240181
0.75273895 0.75273895
0.6924994 0.6924994
0.6434537 0.6434537
0.6612942 0.6612942
0.58581656 0.58581656
0.5487992 0.5487992
0.48158216 0.48158216
0.3907323 0.3907323
0.39809272 0.39809272
0.44608143 0.44608143
0.5642414 0.5642414
0.57288975 0.57288975
0.46769854 0.46769854
0.36730957 0.36730957
0.29295218 0.29295218
0.25767484 0.25767484
0.38183674 0.38183674
0.4627734 0.4627734
0.44621658 0.44621658
0.6386623 0.6386623
0.7647448 0.7647448
0.9465867 0.9465867
1.0344543 1.0344543
1.1463413 1.1463413
1.3599243 1.3599243
1.4983666 1.4983666
1.5838331 1.5838331
1.683656 1.683656
1.5638717 1.5638717
1.5212955 1.5212955
1.4453869 1.4453869
1.393717 1.393717
1.3162376 1.3162376
1.3115008 1.3115008
1.2250088 1.2250088
1.257251 1.257251
1.1080363 1.1080363
1.110331 1.110331
1.1150376 1.1150376
1.0481927 1.0481927
1.002005 1.002005
1.0293342 1.0293342
1.0400339 1.0400339
1.1264654 1.1264654
1.0661259 1.0661259
0.96834844 0.96834844
0.8986795 0.8986795
0.7962254 0.7962254
0.738197 0.738197
0.6428866 0.6428866
0.6524961 0.6524961
0.6379975 0.6379975
0.5670216 0.5670216
0.51960534 0.51960534
0.49188623 0.49188623
0.36816642 0.36816642
0.37068328 0.37068328
0.49011022 0.49011022
0.58085805 0.58085805
0.53172296 0.53172296
0.4404307 0.4404307
0.39266536 0.39266536
0.2950098 0.2950098
0.28281763 0.28281763
0.37479508 0.37479508
0.47425547 0.47425547
0.46602994 0.46602994
0.6631996 0.6631996
0.78382057 0.78382057
0.8734587 0.8734587
1.0911092 1.0911092
1.1592914 1.1592914
1.2304457 1.2304457
1.4726244 1.4726244
1.5558261 1.5558261
1.5908139 1.5908139
1.488429 1.488429
1.5876442 1.5876442
1.3990711 1.3990711
1.3517721 1.3517721
1.3486172 1.3486172
1.3235598 1.3235598
1.2127879 1.2127879
1.1125078 1.1125078
1.1781325 1.1781325
1.1210732 1.1210732
1.0658226 1.0658226
1.0500133 1.0500133
1.0416756 1.0416756
1.0814373 1.0814373
1.1437612 1.1437612
1.1457266 1.1457266
0.9587216 0.9587216
0.91282076 0.91282076
0.96972924 0.96972924
0.89076793 0.89076793
0.7857153 0.7857153
0.6777312 0.6777312
0.6622818 0.6622818
0.6832992 0.6832992
0.55663097 0.55663097
0.52100927 0.52100927
0.46530578 0.46530578
0.3883812 0.3883812
0.3867231 0.3867231
0.43844658 0.43844658
0.5932283 0.5932283
0.5528487 0.5528487
0.4484663 0.4484663
0.39823887 0.39823887
0.2932365 0.2932365
0.29206833 0.29206833
0.37584922 0.37584922
0.4818796 0.4818796
0.49915385 0.49915385
0.6995546 0.6995546
0.7899103 0.7899103
0.92102104 0.92102104
1.0111362 1.0111362
1.1436255 1.1436255
1.248966 1.248966
1.3912535 1.3912535
1.5979131 1.5979131
1.5922596 1.5922596
1.4853051 1.4853051
1.4188354 1.4188354
1.463594 1.463594
1.3864168 1.3864168
1.2469817 1.2469817
