0 0
1.3812028 1.3707318
1.0147821 1.0017128
0.7282435 0.7755815
0.77205783 0.77736086
0.6375319 0.6343968
0.61183184 0.68234587
0.63622254 0.67204905
0.74266756 0.6893347
0.895362 0.86972857
0.8645149 0.82606167
0.9618175 0.9782131
1.0028671 1.0892833
1.0296986 1.0667299
1.1628901 1.1705394
1.2942436 1.2686117
1.3311632 1.3944612
1.4491545 1.4806206
1.5340871 1.5112511
1.538319 1.6963518
1.9821215 1.7298949
2.0075338 1.945766
1.8126065 1.7986001
1.8203398 1.8480237
1.5933893 1.597235
1.375967 1.319766
1.1856097 1.2883781
1.2269115 1.2272722
1.1370703 1.110032
1.0845125 1.0373639
1.0330937 1.1315858
1.2791532 1.2893687
1.2984533 1.4215932
1.5923338 1.4539351
1.7351238 1.6464033
1.8415152 1.9201777
2.004175 2.1490564
2.5688074 2.4571486
2.6953967 2.7238054
2.951662 2.964913
3.5337322 3.215529
4.1837277 3.8412333
4.15378 4.275213
3.7987218 4.110342
3.4201057 3.9714923
3.095818 2.821966
2.6340377 2.7902331
2.3957431 2.397751
2.0127234 1.911015
1.3231025 1.3715893
1.0094447 0.9994024
0.7143866 0.77336997
0.77435344 0.77002335
0.67228776 0.62114376
0.6663942 0.69020337
0.636352 0.65567786
0.7465277 0.74925363
0.858135 0.87108094
0.88354623 0.8248716
0.9407805 0.93129367
1.0038623 1.0778271
1.033171 1.0549862
1.1213617 1.1001538
1.2031538 1.2539908
1.3719364 1.316633
1.4925631 1.3701309
1.463706 1.4863418
1.7045015 1.5485126
1.9865102 1.8551906
2.0523746 1.9336172
2.083724 2.0099266
1.7090704 1.9777578
1.6657125 1.4776907
1.381889 1.3664006
1.1778177 1.2797902
1.2855383 1.176329
1.1348082 1.1600972
0.98967505 0.9431153
1.169913 1.0390165
1.208695 1.2204491
1.4280341 1.3113024
1.3993828 1.555508
1.6611629 1.8702916
1.8217751 1.8856679
2.0619102 1.9873922
2.6233532 2.496174
2.6781874 2.704528
3.0950391 2.901121
3.6791182 3.337937
3.8670745 3.7381418
4.3567414 3.9653223
3.961644 4.2180467
3.6457279 3.8113973
3.0811853 2.8190625
2.4068174 2.732774
2.2902958 2.3601773
1.9676579 1.9987506
1.4906483 1.4292165
1.0411555 1.0199919
0.7897577 0.773965
0.74356014 0.7447159
0.6679344 0.63058525
0.65524256 0.66687906
0.65105563 0.6834411
0.69775885 0.7635275
0.7935848 0.87559927
0.8276219 0.8948921
0.9132101 0.91191083
1.0044254 0.981682
1.0488384 1.085019
1.139436 1.0847387
1.2390467 1.1898975
1.3176924 1.2729019
1.415608 1.4699217
1.5036099 1.4769458
1.7183627 1.6223942
1.8201588 1.9526012
1.968642 1.9856716
1.945048 1.9340972
1.9878523 1.9361218
1.6307375 1.6696323
1.3231091 1.324377
1.1913891 1.2172289
1.1060683 1.1975669
1.1686826 1.0604049
1.0645676 1.0284642
1.1049066 1.1140444
1.2613417 1.2084821
1.4270542 1.3360468
1.572017 1.4644924
1.8058189 1.7876364
1.8864167 1.9598262
2.2251606 2.299526
2.5761771 2.5648773
2.6428852 2.8270867
3.062297 2.9491465
3.1492171 3.6708019
3.8589985 3.86054
4.235968 4.0506063
3.9561822 3.9456985
3.9783819 3.7153554
3.269659 3.1242597
2.7628243 2.4033852
2.091048 2.1918492
2.0391097 1.9602742
1.4272896 1.3809974
1.0604671 0.9743622
0.73149544 0.7888846
0.7558057 0.76531136
0.6600075 0.61100745
0.6581368 0.68646353
0.67220443 0.6946698
0.7062385 0.78568923
0.87247086 0.8465845
0.8736423 0.81752837
0.96636254 0.9586724
1.0797273 1.0622141
1.023074 1.013715
1.1185261 1.197016
1.2259932 1.2351204
1.2047726 1.3076328
1.3146768 1.4075863
1.3610557 1.5066317
1.6614807 1.660079
1.8803715 1.9714153
2.0354195 1.9510674
2.0961387 2.0786119
1.8654871 1.8399057
