7
8
8.683777
8.193564
7.483666
3.6000001
10.682912
12.353173
5.963256
6.850057
11.766024
15
15
11.497944
6.410231
8.646656
8.251763
10.5
9.285736
8.287259
5.139934
3.8632448
5.248389
2.949344
3.9015067
0.9609448
1.1047132
0.4
0
0
0
0
0
0
0
0
0
0
0
0
0.47251666
1.3773781
2.5
3
3.7
2.078689
3.6048534
2.459849
5.1228323
8
8.766255
7.8110113
6.1174803
12
8.421127
9.471273
7.764062
4.7967677
8.990573
7.1239944
4.5
9.402965
4.2300005
6.032093
7.480385
4.1090794
7.670187
6.86012
7.9534106
3.6800418
5.4908347
2.3990664
1.2900001
1.2573212
0.71537805
0.13752443
0
0
0
0
0
0
0
0
0
0
0
0
0.32798392
0.7468926
1.130446
0.90064466
2.5130012
2.7909815
2.6147065
5.613635
2.818797
3.4479718
7.3540583
10
10.696938
10.344253
6.5428405
4.2000003
4.4222717
11.795396
8.283982
9.0879
13.108629
13.748918
6.8578405
11.206459
9.191535
3.924625
2.94
3.8555033
7.3956676
6.997011
3.5616245
3.5529387
1.8074532
0.68036294
0.77994615
0.18940826
0
0
0
0
0
0
0
0
0
0
0
0
0.3
0.48000002
1.370357
1.9613786
3.4706314
4.2
3.2894902
3.4915342
6.091016
3.5606117
7.954519
8.618084
4.5166655
8.485809
6.8789077
10.728175
