10.649414
12.0703125
12.949219
13.696289
13.227539
12.553711
8.540039
15
15
10.78125
11.733398
15
15
15
15
11.469727
13.696289
13.227539
15
14.311523
13.300781
10.180664
8.876953
10.3125
7.939453
8.876953
5.551758
5.756836
4.3359375
4.3359375
4.3359375
4.4091797
4.3359375
4.3359375
4.3359375
4.4091797
4.3359375
4.3359375
4.3359375
4.3359375
4.3359375
4.3359375
6.1083984
7.397461
7.7929688
8.540039
6.7089844
8.276367
6.9873047
9.902344
12.758789
13.432617
12.553711
10.854492
15
12.949219
13.901367
12.275391
9.228516
13.359375
11.469727
8.818359
13.769531
8.540039
10.517578
12.0703125
8.540039
12.275391
11.6015625
12.685547
8.408203
10.371094
6.9873047
5.830078
5.625
5.15625
4.0722656
4.0722656
4.1308594
4.1308594
4.1308594
4.1308594
4.1308594
4.1308594
4.1308594
4.1308594
4.1308594
4.1308594
4.1308594
4.1308594
5.2148438
5.756836
5.419922
7.3242188
7.5878906
7.3242188
10.517578
7.661133
8.276367
12.348633
14.926758
15
15
11.6015625
9.082031
9.287109
15
13.227539
14.047852
15
15
11.865234
15
14.047852
8.745117
7.7929688
8.745117
12.348633
12.011719
8.408203
8.481445
6.5039063
5.288086
5.288086
4.1308594
4.2041016
4.1308594
4.2041016
4.1308594
4.2041016
4.1308594
4.2041016
4.2041016
4.2041016
4.2041016
4.2041016
4.2041016
4.2041016
4.2041016
5.961914
6.6503906
8.276367
9.082031
8.144531
8.276367
11.118164
8.408203
12.890625
13.432617
9.360352
13.432617
11.806641
