9.019652
9.367281
9.267026
9.041792
8.347016
8.825989
7.8849816
8.262558
8.191026
7.4160843
7.746251
8.193895
7.9042726
7.7917037
7.58277
7.7148404
7.5178432
7.6023364
7.5498695
7.1161623
5.7155294
7.8231044
7.360119
8.172468
7.5076437
8.341629
8.551609
7.581761
7.497365
8.473186
7.5411024
7.3073654
7.791381
8.837746
9.795347
10.12866
9.470243
9.768809
9.678096
9.115231
11.263378
11.190632
10.644224
10.607759
10.15502
10.578573
11.535813
12.628509
13.076096
12.263595
12.851173
13.201515
12.961888
12.3734255
11.296578
10.989842
11.462838
11.087144
9.009679
9.354404
9.970385
10.063244
10.797373
10.856829
11.165455
11.654354
12.907164
12.958276
12.742882
13.366204
12.594327
12.751916
12.331556
12.263974
12.138292
12.055437
12.290235
12.358159
12.278561
11.66647
11.5713415
11.20782
12.431286
14.465247
14.477207
14.726036
14.737419
15
15
14.817431
13.720805
13.252445
13.141009
12.93551
12.794317
12.425099
12.451556
11.1222105
10.0178385
10.696353
10.315842
10.234388
10.323397
10.050627
10.3501005
10.194748
10.1860485
10.512027
10.214311
9.6683855
7.5064955
7.8668203
7.8860745
8.599249
7.0512867
7.5668235
7.6631727
7.7917595
7.7224774
7.2259293
6.3342156
6.407577
6.4404607
6.346116
6.434983
6.8844433
6.9152675
6.7297277
5.80668
6.616065
6.641992
7.3955307
7.3213415
8.010513
7.569417
7.5095377
7.7159986
8.180732
7.980883
8.009347
7.5579257
7.272146
6.8199015
6.8898277
5.507328
6.647286
6.2962465
6.5891075
6.778529
6.973165
7.0007486
6.207151
