15
15
15
15
15
15
15
15
15
15
15
15
15
15
15
15
15
14.805195
14.61039
14.35065
14.025973
12.987013
12.597403
13.376623
14.025973
15
15
15
15
14.61039
14.935064
15
14.740259
14.415585
15
15
15
15
15
15
15
15
15
15
15
15
15
15
15
15
15
15
15
15
15
15
15
15
15
15
15
15
15
15
15
15
15
15
15
15
15
15
15
15
15
15
15
15
15
15
15
15
15
15
15
15
15
15
15
15
15
15
15
15
15
15
15
15
15
15
15
15
15
15
15
15
15
15
15
15
15
15
15
15
15
15
14.61039
14.220779
14.740259
14.740259
14.545455
13.766233
12.402597
11.623377
11.233767
11.298701
11.298701
11.818182
11.883117
11.428572
10.909091
11.103896
11.623377
12.467532
13.571428
14.025973
13.96104
14.35065
14.805195
15
15
15
14.61039
13.831168
12.857143
12.207792
11.298701
11.038961
11.038961
11.298701
11.818182
12.012987
